# Format: image_name qw qx qy qz tx ty tz
I_35.jpg 0.993471 0.009676 -0.107978 0.035521 0.673143 0.030455 -0.868731
E2_25.jpg 0.993223 0.006159 -0.112737 0.027564 1.324665 0.009698 -1.097987
E2_27.jpg 0.906360 -0.003208 -0.421639 0.026862 1.522632 0.007955 -0.362773
E2_11.jpg 0.976685 0.003367 -0.212293 0.031722 0.896854 0.020469 -0.949145
I_34.jpg 0.997870 0.010964 -0.053779 0.035252 0.581380 0.028898 -0.939204
I_33.jpg 0.999288 0.012357 0.006887 0.034971 0.473279 0.027879 -1.007562
E2_10.jpg 0.999115 0.009771 0.026229 0.031382 0.353493 0.021405 -1.214166
I_32.jpg 0.997071 0.013820 0.066866 0.034467 0.357116 0.026573 -1.061180
I_36.jpg 0.987017 0.008614 -0.156458 0.035262 0.745659 0.031954 -0.796065
I_37.jpg 0.976183 0.007401 -0.213998 0.034891 0.823835 0.031989 -0.703783
I_31.jpg 0.992205 0.014892 0.118933 0.034098 0.254561 0.025325 -1.095067
I_38.jpg 0.961395 0.005826 -0.272904 0.034773 0.895032 0.031699 -0.600278
I_39.jpg 0.950246 0.004756 -0.309576 0.034234 0.935436 0.030760 -0.528443
I_30.jpg 0.984312 0.015844 0.172541 0.033296 0.143840 0.023507 -1.117587
I_40.jpg 0.941659 0.004285 -0.334865 0.033542 0.961594 0.029494 -0.479025
I_29.jpg 0.973709 0.016834 0.224857 0.032343 0.030234 0.021754 -1.128977
E2_9.jpg 0.965766 0.015763 0.257321 0.028885 -0.233037 0.014220 -1.175639
I_28.jpg 0.959097 0.017980 0.280784 0.031142 -0.092281 0.020460 -1.125296
I_27.jpg 0.939210 0.019223 0.341486 0.030049 -0.226532 0.019853 -1.103900
I_26.jpg 0.927685 0.019742 0.371749 0.028514 -0.288865 0.019087 -1.078151
I_25.jpg 0.918880 0.019650 0.393075 0.027652 -0.312178 0.020315 -1.055489
I_24.jpg 0.904588 0.019432 0.425030 0.026315 -0.372360 0.018648 -1.024733
E2_8.jpg 0.886063 0.020806 0.462400 0.025429 -0.707846 0.015273 -0.890309
I_5.jpg 0.659520 0.019829 0.750935 0.027147 -2.368420 -0.058758 -0.392389
I_6.jpg 0.750047 0.017155 0.660456 0.030552 -2.191938 -0.056308 -1.001596
I_4.jpg 0.599502 0.020849 0.799728 0.024430 -2.375565 -0.059202 -0.005481
I_3.jpg 0.553476 0.021365 0.832288 0.022452 -2.343552 -0.058616 0.282937
I_2.jpg 0.494891 0.021768 0.868449 0.020109 -2.282954 -0.056822 0.616103
I_1.jpg 0.467826 0.022099 0.883367 0.017716 -2.248443 -0.052671 0.765200
E2_26.jpg 0.979130 0.002927 -0.201357 0.027415 1.359634 0.006660 -0.947161
I_19.jpg 0.746252 -0.010253 -0.664849 0.031273 2.297630 0.032892 0.344112
I_18.jpg 0.835032 -0.006625 -0.549135 0.033589 2.307772 0.035318 -0.338489
I_20.jpg -0.680136 0.011758 0.732413 -0.029115 2.172839 0.032395 0.776285
I_21.jpg -0.622468 0.012325 0.782084 -0.026966 2.020736 0.030646 1.097626
I_22.jpg -0.555889 0.013627 0.830774 -0.024825 1.801120 0.028150 1.421355
I_23.jpg -0.508618 0.014203 0.860574 -0.022774 1.628680 0.022662 1.613026
I_16.jpg 0.905194 -0.005119 -0.423472 0.035619 2.138161 0.028822 -0.988017
I_17.jpg 0.885217 -0.005057 -0.463851 0.034743 2.200630 0.032965 -0.782817
I_15.jpg 0.932614 -0.004402 -0.358991 0.036562 1.995287 0.022716 -1.287757
E2_24.jpg 0.988359 0.004479 -0.149422 0.028276 1.510092 0.010252 -0.874552
E2_12.jpg 0.892461 -0.004230 -0.450042 0.030950 1.257085 0.024808 -0.392680
I_7.jpg 0.842423 0.013990 0.537642 0.032697 -1.802077 -0.046522 -1.620460
E2_23.jpg 0.940158 -0.000375 -0.339517 0.028838 1.748679 0.009911 -0.115312
I_8.jpg 0.884318 0.012968 0.465450 0.034211 -1.531828 -0.040650 -1.893810
I_9.jpg 0.929251 0.010915 0.367465 0.036643 -1.095687 -0.031328 -2.179517
I_14.jpg 0.967954 -0.002239 -0.248259 0.037793 1.666569 0.015711 -1.728019
I_13.jpg 0.993024 0.001229 -0.111260 0.039039 1.138025 0.009914 -2.129651
I_12.jpg 0.998992 0.004030 0.022346 0.038712 0.535865 -0.000466 -2.349374
I_11.jpg 0.993405 0.005139 0.107991 0.038173 0.146118 -0.010696 -2.419564
I_10.jpg 0.972136 0.007819 0.231207 0.037852 -0.438906 -0.021911 -2.395687
E2_22.jpg 0.803765 -0.007178 -0.594319 0.026372 1.479543 0.008456 0.968670
E2_7.jpg 0.778678 0.024362 0.626596 0.021089 -0.961173 0.009533 -0.464810
E2_28.jpg 0.759973 -0.008560 -0.649475 0.023453 1.432587 0.008804 0.330129
E2_13.jpg 0.774562 -0.008817 -0.631830 0.027703 1.286661 0.028325 0.200528
E2_6.jpg 0.633838 0.027783 0.772824 0.014844 -1.012571 0.005936 0.059111
E2_5.jpg 0.490030 0.028740 0.871179 0.009633 -0.831172 0.006369 0.502159
E2_4.jpg 0.379121 0.028975 0.924873 0.006161 -0.585883 0.008118 0.775588
E2_3.jpg 0.299631 0.029310 0.953599 0.003305 -0.357610 0.009330 0.949244
E2_2.jpg 0.297341 0.029018 0.954323 0.003758 -0.266764 0.008102 1.053961
E2_1.jpg 0.344981 0.029029 0.938148 0.004942 -0.330519 0.004886 1.148693
F2_19.jpg 0.368940 0.029007 0.928984 0.005555 -0.342222 0.004669 1.271162
F2_18.jpg 0.414033 0.028492 0.909787 0.007168 -0.436134 0.004618 1.372852
F2_17.jpg 0.516988 0.027894 0.855472 0.010620 -0.764601 -0.002084 1.378845
F2_16.jpg 0.647675 0.026841 0.761299 0.014841 -1.225530 -0.002470 1.193041
F2_15.jpg 0.791704 0.024176 0.610086 0.020395 -1.689972 -0.002165 0.689427
D2_71.jpg -0.614329 0.012199 0.788654 -0.021836 0.655337 -0.003198 1.692290
D2_67.jpg -0.643573 0.012665 0.764982 -0.021332 0.721698 -0.011060 2.275230
D2_68.jpg -0.496507 0.016141 0.867691 -0.018268 -0.097267 -0.011873 2.235876
D2_69.jpg -0.413246 0.016943 0.910312 -0.016509 -0.435610 -0.011163 2.038707
D2_70.jpg -0.427496 0.016573 0.903703 -0.017138 -0.275156 -0.011020 1.910011
D2_66.jpg 0.739500 -0.009160 -0.672678 0.023665 1.367514 -0.008014 2.148227
D2_65.jpg 0.821007 -0.006035 -0.570340 0.024957 1.966893 -0.011853 1.864778
D2_64.jpg 0.882564 -0.003738 -0.469473 0.025750 2.456094 -0.013216 1.485199
H_17.jpg 0.930453 0.000634 -0.365118 0.030765 2.456956 0.032721 0.834372
H_16.jpg 0.943595 0.001425 -0.329637 0.031084 2.513438 0.033941 0.642428
H_15.jpg 0.961007 0.002740 -0.274718 0.031429 2.580664 0.035048 0.343233
H_14.jpg 0.975451 0.004521 -0.217882 0.031644 2.613867 0.036751 0.034357
H_13.jpg 0.987753 0.006084 -0.152643 0.031727 2.604748 0.038317 -0.315037
H_12.jpg 0.996404 0.007935 -0.078230 0.031571 2.536034 0.039307 -0.700376
H_11.jpg 0.999451 0.009821 -0.005027 0.031229 2.417587 0.040657 -1.062776
H_10.jpg 0.997699 0.011261 0.059273 0.030930 2.270595 0.041255 -1.366339
H_9.jpg 0.993453 0.012550 0.109324 0.030697 2.129671 0.041819 -1.589131
H_8.jpg 0.987639 0.013317 0.153230 0.030209 1.987894 0.040955 -1.770419
H_7.jpg 0.979122 0.014385 0.200576 0.029693 1.814904 0.040435 -1.953925
D2_63.jpg 0.936490 -0.000473 -0.349668 0.026810 2.894514 -0.011565 0.901263
H_6.jpg 0.965561 0.015536 0.258083 0.029052 1.580549 0.038890 -2.160519
D2_62.jpg 0.957200 0.001750 -0.288132 0.027291 3.116488 -0.006260 0.634807
D2_61.jpg 0.954397 0.001197 -0.297294 0.027212 3.185691 -0.008340 0.834801
D2_60.jpg 0.931939 -0.000655 -0.361577 0.027407 3.089034 -0.006219 1.402535
D2_59.jpg 0.828719 -0.006036 -0.559036 0.025822 2.157061 -0.011410 2.731973
H_5.jpg 0.946284 0.016942 0.321696 0.027765 1.288568 0.036838 -2.359369
H_39.jpg 0.756761 -0.009975 -0.653072 0.026641 2.390451 0.024215 2.062971
H_37.jpg 0.863697 -0.005341 -0.503109 0.029670 3.033781 0.031132 1.046188
H_40.jpg -0.689037 0.011865 0.724193 -0.025129 1.925556 0.022190 2.490535
H_38.jpg 0.812115 -0.007676 -0.582781 0.027882 2.749474 0.026246 1.600926
H_41.jpg -0.613642 0.014096 0.789123 -0.023000 1.393515 0.017006 2.822993
H_36.jpg 0.911532 -0.002717 -0.410059 0.030893 3.193968 0.036896 0.384834
H_42.jpg -0.561724 0.015622 0.826893 -0.021673 1.018505 0.014250 2.977885
H_43.jpg -0.542616 0.016314 0.839556 -0.021142 0.882597 0.012459 3.019934
H_35.jpg 0.956866 0.001011 -0.288809 0.031552 3.190121 0.040768 -0.451472
D2_49.jpg 0.988714 0.011981 0.146212 0.030392 1.544849 0.025998 -1.634656
H_4.jpg 0.923802 0.018463 0.381450 0.027294 0.993317 0.039406 -2.519462
H_3.jpg 0.902851 0.019585 0.428724 0.025916 0.721559 0.038155 -2.613599
H_2.jpg 0.885471 0.020498 0.463571 0.024949 0.520156 0.036435 -2.667292
H_1.jpg 0.878306 0.020711 0.477021 0.024512 0.449216 0.034632 -2.683662
H_24.jpg 0.714805 0.024011 0.698671 0.018313 -2.063259 0.010895 -2.589777
H_23.jpg 0.653337 0.024601 0.756496 0.016098 -2.446237 0.003449 -2.215311
H_22.jpg 0.566081 0.026155 0.823822 0.013640 -2.856249 0.000956 -1.636589
H_21.jpg 0.493101 0.027132 0.869480 0.010920 -3.081602 0.000143 -1.121884
H_20.jpg 0.478897 0.027070 0.877397 0.009988 -3.097011 -0.002022 -1.025491
H_18.jpg 0.464976 0.027257 0.884853 0.009454 -3.124703 0.002803 -0.932344
H_19.jpg 0.469973 0.026985 0.882214 0.009831 -3.111049 0.000402 -0.969005
H_25.jpg 0.796385 0.021926 0.604005 0.021640 -1.371019 0.015750 -3.023316
H_26.jpg 0.859384 0.019938 0.510373 0.024108 -0.668164 0.020171 -3.251858
D2_48.jpg 0.895504 0.019633 0.443852 0.026108 0.305196 0.023869 -2.171631
D2_53.jpg 0.978826 0.013997 0.201946 0.030365 1.612298 0.036062 -2.101513
H_27.jpg 0.906618 0.017938 0.420757 0.026187 -0.004097 0.023879 -3.313325
D2_54.jpg 0.897378 0.019820 0.440029 0.026373 0.511549 0.033530 -2.689498
D2_52.jpg 0.995372 0.005848 -0.089935 0.033353 2.356470 0.040021 -0.883570
D2_50.jpg 0.990105 0.004482 -0.136459 0.032428 2.214974 0.031453 -0.580498
D2_51.jpg 0.966675 0.003199 -0.253985 0.031962 2.380628 0.033057 -0.086876
H_28.jpg 0.934368 0.016701 0.354881 0.027158 0.447429 0.027784 -3.278269
H_29.jpg 0.957107 0.015525 0.287927 0.028332 0.885191 0.032933 -3.185472
H_31.jpg 0.995661 0.010143 0.087127 0.031078 2.064586 0.038716 -2.566278
H_30.jpg 0.976388 0.013562 0.213511 0.029923 1.350086 0.036786 -3.011701
H_33.jpg 0.992878 0.005807 -0.114746 0.031499 2.870443 0.042660 -1.545828
H_32.jpg 0.998856 0.007065 -0.035294 0.031477 2.614472 0.038514 -1.987698
H_34.jpg 0.982836 0.003759 -0.181757 0.031365 3.025398 0.038349 -1.141444
C_152.jpg -0.696301 0.010562 0.717326 -0.022268 0.815447 -0.027603 3.491244
C_151.jpg -0.616588 0.012859 0.786915 -0.020451 -0.005063 -0.032335 3.720057
C_150.jpg -0.567149 0.013390 0.823268 -0.019837 -0.529246 -0.033623 3.820370
C_149.jpg -0.503890 0.014631 0.863449 -0.018371 -1.208762 -0.040642 3.816683
C_148.jpg -0.472999 0.015402 0.880761 -0.017191 -1.584600 -0.042463 3.841413
C_147.jpg -0.488544 0.015043 0.872227 -0.017837 -1.530829 -0.042088 4.025781
C_146.jpg -0.560790 0.013682 0.827605 -0.019936 -0.886437 -0.036547 4.361009
C_145.jpg -0.662955 0.010665 0.748263 -0.021895 0.225434 -0.035523 4.570894
C_144.jpg 0.710766 -0.008974 -0.702987 0.023237 0.789879 -0.037370 4.647719
D2_36.jpg -0.469563 0.019377 0.882523 -0.017000 -1.174545 -0.041290 3.122095
D2_37.jpg -0.498920 0.018109 0.866281 -0.017525 -1.063343 -0.044968 3.188979
D2_35.jpg -0.414335 0.020725 0.909760 -0.015289 -1.437952 -0.042519 2.935836
D2_38.jpg -0.559591 0.016636 0.828387 -0.018875 -0.693835 -0.046719 3.326858
D2_39.jpg -0.588032 0.015724 0.808457 -0.019184 -0.565848 -0.048477 3.354814
D2_40.jpg -0.642372 0.013709 0.765999 -0.020382 -0.195304 -0.050638 3.400936
D2_41.jpg -0.655849 0.013137 0.754485 -0.020994 -0.169747 -0.048064 3.392662
D2_42.jpg -0.687214 0.011235 0.726042 -0.021758 0.044981 -0.051569 3.386670
D2_34.jpg -0.341508 0.022511 0.939507 -0.013869 -1.763926 -0.039646 2.699748
D2_33.jpg -0.202697 0.024348 0.978892 -0.009571 -2.346829 -0.042284 2.114589
D2_32.jpg -0.112218 0.025771 0.993319 -0.007758 -2.568642 -0.038358 1.701804
D2_31.jpg -0.051378 0.026294 0.998314 -0.006227 -2.621226 -0.040291 1.411509
D2_30.jpg 0.006753 0.027060 0.999601 -0.004360 -2.629229 -0.036621 1.128043
D2_29.jpg 0.035010 0.027118 0.999011 -0.004098 -2.550471 -0.037992 1.020786
D2_28.jpg 0.041114 0.027118 0.998777 -0.004304 -2.440490 -0.035757 1.007857
D2_27.jpg 0.070660 0.027269 0.997120 -0.003928 -2.381116 -0.030257 0.850382
D2_26.jpg 0.120592 0.027583 0.992315 -0.002826 -2.343231 -0.028033 0.599963
D2_25.jpg 0.248999 0.028003 0.968098 0.001531 -2.304950 -0.027842 -0.037931
D2_24.jpg 0.368996 0.028293 0.928988 0.004875 -2.129861 -0.025812 -0.565837
C_143.jpg 0.732251 -0.008119 -0.680564 0.023980 1.037003 -0.039219 4.741851
C_142.jpg 0.763740 -0.006977 -0.645016 0.024622 1.435584 -0.035801 4.765826
D2_3.jpg 0.770893 -0.008097 -0.636479 0.023518 0.357502 -0.038691 3.303371
D2_4.jpg 0.763994 -0.008090 -0.644746 0.023470 0.285623 -0.038063 3.166748
D2_2.jpg 0.778372 -0.007946 -0.627277 0.024428 0.441268 -0.033729 3.409700
D2_1.jpg 0.777432 -0.009625 -0.628413 0.024581 0.432812 -0.022916 3.485703
D2_5.jpg 0.756505 -0.008324 -0.653531 0.022951 0.196625 -0.040155 3.020141
D2_6.jpg 0.746596 -0.008640 -0.664838 0.022587 0.091634 -0.031954 2.859872
D2_7.jpg 0.743487 -0.008471 -0.668311 0.022724 0.065882 -0.032082 2.693628
D2_8.jpg 0.742115 -0.008342 -0.669837 0.022666 0.058008 -0.032144 2.521688
D2_9.jpg 0.745183 -0.008350 -0.666410 0.023054 0.097088 -0.029605 2.357498
D2_10.jpg 0.754185 -0.008039 -0.656190 0.023583 0.203959 -0.030293 2.215556
D2_11.jpg 0.815059 -0.006250 -0.578791 0.025309 0.657760 -0.023002 2.012953
D2_12.jpg 0.879215 -0.003881 -0.475673 0.026474 1.131085 -0.025841 1.711881
D2_23.jpg 0.532904 0.027491 0.845665 0.010349 -1.695630 -0.020782 -1.234133
C_141.jpg 0.799618 -0.005441 -0.599920 0.026030 1.929946 -0.030533 4.698031
C_140.jpg 0.822081 -0.004845 -0.568717 0.026837 2.223356 -0.027232 4.657832
C_139.jpg 0.839126 -0.003613 -0.543265 0.026790 2.433106 -0.028929 4.625189
C_138.jpg 0.850091 -0.002779 -0.525903 0.027636 2.541663 -0.030019 4.656855
C_137.jpg 0.851314 -0.002896 -0.523876 0.028452 2.446878 -0.020340 4.778503
C_136.jpg 0.847121 -0.003113 -0.530607 0.028838 2.218362 -0.020419 4.922716
D2_13.jpg 0.949541 0.000886 -0.312380 0.028091 1.675891 -0.023837 1.110150
C_135.jpg 0.833429 -0.003558 -0.551852 0.029026 1.795813 -0.021767 5.098493
C_134.jpg 0.822909 -0.004502 -0.567411 0.029072 1.424556 -0.019804 5.223731
C_133.jpg 0.813816 -0.004989 -0.580354 0.029457 1.093678 -0.017495 5.323356
C_132.jpg 0.811343 -0.004795 -0.583809 0.029438 0.887444 -0.025780 5.392457
C_131.jpg 0.828889 -0.003903 -0.558618 0.029557 1.064647 -0.026829 5.399082
C_130.jpg 0.889461 -0.001406 -0.455947 0.031150 2.196855 -0.008919 5.093859
C_129.jpg 0.928234 0.001067 -0.370597 0.032215 2.999320 0.002672 4.696161
C_128.jpg 0.954620 0.003618 -0.296029 0.032460 3.578172 0.003314 4.258828
C_127.jpg 0.980341 0.006489 -0.194456 0.032814 4.276664 0.011831 3.532560
C_126.jpg 0.995684 0.009223 -0.086223 0.033076 4.845963 0.025793 2.651476
C_125.jpg 0.999367 0.011734 0.009065 0.032336 5.174203 0.027539 1.825576
C_124.jpg 0.995496 0.013791 0.088201 0.031911 5.300708 0.034746 1.122104
C_123.jpg 0.982107 0.015435 0.185016 0.031561 5.316491 0.048935 0.206167
D2_22.jpg 0.665409 0.025914 0.745894 0.014172 -1.122377 -0.018604 -1.652183
D2_44.jpg 0.676061 0.025656 0.736175 0.018171 -1.120213 0.017240 -1.385008
D2_43.jpg 0.690032 0.025728 0.723094 0.018146 -1.080064 0.016177 -1.290926
D2_45.jpg 0.617950 0.026803 0.785596 0.016061 -1.312637 0.014463 -1.330349
D2_46.jpg 0.646060 0.026952 0.762630 0.016609 -1.249468 0.019236 -1.547685
E2_21.jpg 0.676735 0.025769 0.735562 0.017745 -1.104816 0.012737 -1.106146
D2_47.jpg 0.762453 0.024564 0.646234 0.021084 -0.699419 0.023850 -1.988836
D2_21.jpg 0.752048 0.024318 0.658433 0.017263 -0.604387 -0.017076 -1.810264
E2_20.jpg 0.635227 0.026124 0.771720 0.015856 -1.176182 0.011858 -0.830974
D2_20.jpg 0.843119 0.021921 0.536895 0.020334 0.041690 -0.017634 -1.844490
D2_19.jpg 0.884727 0.020186 0.465181 0.021369 0.424411 -0.019888 -1.724062
D2_18.jpg 0.950112 0.016956 0.310524 0.023974 1.046753 -0.020621 -1.407059
D2_17.jpg 0.986283 0.012688 0.162691 0.024819 1.488041 -0.027794 -0.940392
D2_16.jpg 0.995430 0.011113 0.091322 0.025590 1.706078 -0.033684 -0.648179
D2_15.jpg 0.998672 0.007481 -0.043184 0.027065 1.904860 -0.037918 -0.090410
D2_14.jpg 0.991306 0.005581 -0.128567 0.027407 1.927929 -0.035518 0.325379
C_122.jpg 0.962025 0.017027 0.270691 0.030731 5.158565 0.058430 -0.603650
C_121.jpg 0.942398 0.018723 0.332648 0.029682 4.928087 0.053980 -1.145781
E2_19.jpg 0.520612 0.027629 0.853274 0.011099 -1.284982 0.011869 -0.361942
C_120.jpg 0.913528 0.020678 0.405254 0.028443 4.576118 0.057217 -1.761286
C_119.jpg 0.881071 0.026570 0.471003 0.034106 4.167427 0.149539 -2.261455
C_118.jpg 0.859598 0.022602 0.509802 0.026126 3.860675 0.057766 -2.480449
C_117.jpg 0.853444 0.023040 0.520040 0.025707 3.704877 0.051100 -2.428188
C_116.jpg 0.855957 0.022878 0.515902 0.025663 3.622997 0.048579 -2.240826
C_115.jpg 0.862485 0.022259 0.504929 0.025905 3.574107 0.046349 -1.994574
C_114.jpg 0.872603 0.021806 0.487231 0.026358 3.540866 0.042142 -1.699020
C_113.jpg 0.883352 0.021848 0.467439 0.026701 3.494111 0.036763 -1.395784
C_112.jpg 0.888277 0.021552 0.458017 0.026810 3.411605 0.034643 -1.170409
D1_66.jpg 0.890170 0.021362 0.454321 0.027087 3.312741 0.033194 -0.999760
D1_65.jpg 0.892985 0.021110 0.448775 0.027060 3.214651 0.033349 -0.814070
D1_64.jpg 0.893064 0.021903 0.448596 0.026818 3.110695 0.026586 -0.670530
D1_63.jpg 0.891662 0.021567 0.451383 0.026985 3.017203 0.027065 -0.543388
C_48.jpg 0.925322 0.023235 0.377639 0.025048 3.577477 0.002313 -1.201357
C_49.jpg 0.901464 0.024803 0.431448 0.024489 3.265302 0.007534 -1.676088
C_47.jpg 0.939527 0.022124 0.340856 0.024837 3.790079 -0.007722 -0.870542
C_50.jpg 0.871291 0.026621 0.489454 0.024056 2.873870 0.019385 -2.151340
C_51.jpg 0.851423 0.026705 0.523266 0.023625 2.555810 0.024311 -2.436744
C_52.jpg 0.832481 0.027286 0.552885 0.023440 2.243330 0.025913 -2.689965
C_46.jpg 0.955496 0.020559 0.293217 0.025065 3.991187 -0.013187 -0.472575
C_53.jpg 0.812289 0.027827 0.582128 0.023233 1.902039 0.035828 -2.917332
C_54.jpg 0.805303 0.027231 0.591787 0.023095 1.698960 0.036386 -3.028892
C_55.jpg 0.794643 0.027088 0.606038 0.022946 1.455743 0.035929 -3.148562
C_45.jpg 0.977194 0.018814 0.209892 0.026150 4.144782 -0.021273 0.237831
C_56.jpg 0.775381 0.027421 0.630498 0.022468 1.114419 0.040339 -3.268901
C_57.jpg 0.771991 0.026536 0.634694 0.022129 0.930192 0.037726 -3.278807
C_58.jpg 0.769303 0.026821 0.637910 0.022897 0.756134 0.041212 -3.292626
C_59.jpg 0.762074 0.026617 0.646536 0.022923 0.541785 0.038389 -3.317135
C_60.jpg 0.747215 0.026583 0.663660 0.022779 0.260540 0.037771 -3.356037
C_61.jpg 0.692564 0.028249 0.720502 0.020817 -0.412085 0.037373 -3.337454
C_62.jpg 0.673316 0.027758 0.738561 0.020076 -0.733131 0.030218 -3.288618
C_63.jpg 0.630214 0.028806 0.775641 0.019524 -1.250192 0.033207 -3.183245
C_64.jpg 0.545132 0.030118 0.837628 0.017436 -2.019588 0.030258 -2.840929
C_44.jpg 0.991914 0.016500 0.122976 0.026667 4.175547 -0.029415 0.976274
C_43.jpg 0.997355 0.014769 0.065897 0.026880 4.179907 -0.032510 1.476147
C_42.jpg 0.999324 0.013972 0.020891 0.026838 4.172497 -0.040042 1.865734
C_41.jpg 0.999021 0.011903 -0.032975 0.026969 4.080904 -0.045079 2.329078
C_40.jpg 0.997390 0.010978 -0.066005 0.027141 4.059256 -0.046787 2.607328
C_39.jpg 0.989145 0.009091 -0.144133 0.027117 3.727930 -0.054823 3.224704
C_38.jpg 0.979927 0.007052 -0.197386 0.027054 3.476771 -0.053529 3.635803
C_37.jpg 0.958853 0.004990 -0.282616 0.026547 2.908587 -0.063029 4.212149
C_36.jpg 0.938291 0.002383 -0.344832 0.026379 2.459315 -0.066569 4.589761
C_35.jpg 0.920542 0.000945 -0.389770 0.026086 2.136692 -0.069491 4.819175
C_34.jpg 0.895627 -0.000724 -0.444085 0.025299 1.685839 -0.071516 5.036045
C_33.jpg 0.865535 -0.002811 -0.500221 0.024912 1.171766 -0.067325 5.243156
C_32.jpg 0.837259 -0.004049 -0.546260 0.024101 0.735041 -0.073184 5.363556
C_31.jpg 0.805944 -0.005760 -0.591496 0.023511 0.273881 -0.072087 5.443244
C_30.jpg 0.786680 -0.007376 -0.616867 0.023564 0.057399 -0.059614 5.466784
C_29.jpg 0.769195 -0.007828 -0.638575 0.022377 -0.113539 -0.063956 5.447923
C_28.jpg 0.744501 -0.009397 -0.667198 0.021852 -0.386173 -0.066170 5.447733
C_27.jpg 0.725701 -0.010200 -0.687602 0.021380 -0.540632 -0.065306 5.441500
C_26.jpg -0.699064 0.011089 0.714678 -0.020516 -0.811246 -0.066114 5.405641
C_25.jpg -0.680244 0.012328 0.732603 -0.020212 -0.952906 -0.056669 5.390742
C_24.jpg -0.673115 0.012892 0.739159 -0.019830 -0.906011 -0.057887 5.388572
C_23.jpg -0.654118 0.013626 0.756015 -0.019616 -1.036349 -0.055082 5.345074
C_22.jpg -0.630610 0.015120 0.775708 -0.019472 -1.230759 -0.044952 5.283987
C_21.jpg -0.598544 0.015801 0.800722 -0.018412 -1.532438 -0.050379 5.164253
C_20.jpg -0.531404 0.017812 0.846758 -0.017141 -2.232657 -0.043766 4.856697
C_19.jpg -0.468035 0.019052 0.883386 -0.014452 -2.809407 -0.052957 4.508431
C_18.jpg -0.414490 0.020721 0.909727 -0.012853 -3.201392 -0.044357 4.197899
C_17.jpg -0.380967 0.022040 0.924241 -0.012555 -3.372304 -0.033548 4.021761
C_16.jpg -0.351736 0.022395 0.935757 -0.011826 -3.492716 -0.032504 3.848774
C_15.jpg -0.242127 0.024586 0.969892 -0.008951 -4.166239 -0.025472 3.007011
C_14.jpg -0.170449 0.025957 0.984996 -0.007496 -4.439704 -0.016853 2.426931
C_13.jpg -0.096695 0.027077 0.994932 -0.005130 -4.631606 -0.010800 1.789270
C_12.jpg 0.009852 0.028249 0.999548 -0.002799 -4.789758 -0.003930 0.822270
C_11.jpg 0.079707 0.028726 0.996404 -0.000797 -4.737091 -0.002246 0.192843
C_10.jpg 0.152783 0.029482 0.987819 0.001620 -4.590571 0.005826 -0.452526
C_9.jpg 0.210042 0.029855 0.977232 0.003019 -4.386010 0.010194 -0.905114
C_8.jpg 0.235247 0.029970 0.971467 0.003638 -4.207683 0.008933 -1.057462
C_7.jpg 0.270571 0.029965 0.962221 0.004889 -3.989128 0.010731 -1.283664
C_6.jpg 0.307873 0.030206 0.950930 0.005890 -3.770147 0.014596 -1.479848
C_5.jpg 0.331896 0.030051 0.942815 0.006434 -3.593099 0.012841 -1.568024
C_66.jpg 0.370948 0.030631 0.928061 0.012743 -3.193164 0.018075 -1.864274
C_67.jpg 0.297430 0.030393 0.954210 0.009712 -3.541819 0.008063 -1.352245
C_68.jpg 0.246491 0.029146 0.968672 0.008255 -3.732515 -0.003062 -0.977986
C_4.jpg 0.351664 0.029897 0.935625 0.006699 -3.437947 0.015337 -1.632995
C_3.jpg 0.351675 0.029687 0.935630 0.006278 -3.357677 0.014357 -1.554028
C_65.jpg 0.459397 0.030777 0.887577 0.014668 -2.670570 0.027263 -2.392768
C_2.jpg 0.351630 0.029732 0.935646 0.006200 -3.281580 0.014953 -1.482680
C_1.jpg 0.354275 0.028934 0.934676 0.005776 -3.223198 0.008306 -1.426917
C_73.jpg 0.269317 0.030231 0.962569 0.003874 -3.478287 0.023482 -1.151847
C_72.jpg 0.289411 0.029592 0.956738 0.004177 -3.345625 0.017435 -1.173110
C_71.jpg 0.396267 0.029440 0.917634 0.007354 -2.987521 0.016229 -1.779990
D1_62.jpg 0.892259 0.021134 0.450200 0.027329 2.907490 0.028128 -0.395312
C_74.jpg 0.394381 0.029898 0.918430 0.007538 -3.157077 0.025982 -2.139852
C_90.jpg -0.071886 0.024987 0.997093 -0.003640 -5.291911 -0.008916 0.529324
C_89.jpg -0.048677 0.025874 0.998475 -0.002925 -5.292074 -0.002771 0.431870
C_91.jpg -0.106837 0.024592 0.993960 -0.004949 -5.277760 -0.013149 0.754504
C_92.jpg -0.144763 0.024333 0.989149 -0.005943 -5.245033 -0.007989 1.014216
C_93.jpg -0.200716 0.022908 0.979352 -0.007678 -5.129042 -0.019380 1.466089
C_94.jpg -0.242694 0.022190 0.969808 -0.008872 -5.016251 -0.024211 1.758795
C_95.jpg -0.270692 0.022017 0.962366 -0.009690 -4.954069 -0.024268 1.893522
C_96.jpg -0.304595 0.021079 0.952187 -0.010800 -4.865283 -0.029629 2.094773
C_97.jpg -0.366962 0.019808 0.929934 -0.012995 -4.603949 -0.034262 2.588261
C_98.jpg -0.426651 0.018488 0.904113 -0.014361 -4.268980 -0.034134 3.032334
C_99.jpg -0.504481 0.016293 0.863109 -0.016592 -3.712985 -0.042373 3.596285
C_100.jpg -0.593948 0.014240 0.804152 -0.019041 -2.918643 -0.039786 4.178282
C_101.jpg -0.633539 0.013072 0.773345 -0.019890 -2.539103 -0.040331 4.321154
C_102.jpg -0.664530 0.011546 0.746880 -0.020901 -2.231979 -0.041064 4.379670
C_103.jpg -0.669431 0.011639 0.742476 -0.021367 -2.238336 -0.038241 4.286192
C_104.jpg -0.669817 0.011385 0.742129 -0.021446 -2.303456 -0.039420 4.161031
C_105.jpg -0.689295 0.010069 0.724069 -0.022235 -2.133456 -0.040858 4.146333
C_106.jpg 0.727678 -0.008602 -0.685467 0.023362 -1.709122 -0.041900 4.217289
C_107.jpg 0.769893 -0.007048 -0.637665 0.024454 -1.190698 -0.039987 4.266271
C_108.jpg 0.831491 -0.004491 -0.554919 0.025840 -0.348605 -0.037143 4.302407
C_109.jpg 0.888772 -0.001929 -0.457562 0.026785 0.544518 -0.029777 4.168646
C_110.jpg 0.914001 -0.000082 -0.404780 0.027488 0.940615 -0.029362 3.965656
C_111.jpg 0.926908 0.000468 -0.374268 0.027650 1.087027 -0.025449 3.805788
D1_46.jpg 0.926683 0.000175 -0.374799 0.027997 0.961281 -0.018432 3.728621
D1_47.jpg 0.926463 0.000732 -0.375299 0.028581 0.848970 -0.019737 3.640335
D1_48.jpg 0.925678 0.000680 -0.377215 0.028786 0.711973 -0.019484 3.557370
D1_49.jpg 0.922669 -0.000030 -0.384522 0.028718 0.537227 -0.014799 3.479942
D1_50.jpg 0.920448 0.000479 -0.389772 0.029200 0.388798 -0.016440 3.383478
D1_51.jpg 0.918798 0.000441 -0.393625 0.029488 0.250124 -0.018961 3.279184
C_88.jpg -0.035854 0.026064 0.999013 -0.002840 -5.270545 -0.001864 0.442110
D1_52.jpg 0.918510 0.000496 -0.394295 0.029499 0.140021 -0.015930 3.159370
C_87.jpg -0.007243 0.026186 0.999629 -0.001822 -5.264988 -0.000742 0.283346
D1_53.jpg 0.918592 0.000830 -0.394072 0.029932 0.043865 -0.015808 3.035843
D1_54.jpg 0.918741 0.000962 -0.393714 0.030051 -0.060165 -0.016436 2.908059
D1_55.jpg 0.918426 0.001050 -0.394432 0.030263 -0.164819 -0.013376 2.774899
D1_22.jpg 0.946857 0.001834 -0.320470 0.027508 0.806203 -0.035986 2.995566
D1_56.jpg 0.917595 0.001113 -0.396345 0.030481 -0.278190 -0.014052 2.639049
D1_57.jpg 0.917184 0.001174 -0.397271 0.030786 -0.383211 -0.014010 2.503898
E1_1.jpg 0.916586 0.001009 -0.398652 0.030765 -0.490983 -0.011693 2.364865
E1_2.jpg 0.916130 0.000962 -0.399692 0.030840 -0.595004 -0.013753 2.223958
E1_5.jpg 0.929897 0.001257 -0.366440 0.031803 -0.740607 -0.009420 1.926192
E1_4.jpg 0.919997 0.000777 -0.390672 0.031316 -0.755132 -0.010618 1.985066
E1_6.jpg 0.951780 0.004063 -0.305109 0.031735 -0.588665 -0.009468 1.910335
E1_7.jpg 0.949350 0.003658 -0.312578 0.031874 -0.711067 -0.010412 1.779697
E1_3.jpg 0.916301 0.001143 -0.399272 0.031202 -0.688114 -0.010822 2.086295
E1_8.jpg 0.931269 0.001807 -0.362966 0.031483 -1.004785 -0.010240 1.560559
E1_9.jpg 0.914448 0.000718 -0.403462 0.031683 -1.242796 -0.007162 1.328744
E1_10.jpg 0.904301 -0.000386 -0.425717 0.031692 -1.412550 -0.011631 1.135706
E1_12.jpg 0.874121 -0.002225 -0.484679 0.031538 -1.715002 -0.010638 0.642541
E1_11.jpg 0.896595 -0.000885 -0.441736 0.031398 -1.547849 -0.008036 0.945203
F1_1.jpg 0.865188 -0.003044 -0.500463 0.031267 -1.814975 -0.010665 0.433133
F1_2.jpg 0.861499 -0.002877 -0.506810 0.030893 -1.887324 -0.005906 0.245652
F1_3.jpg 0.862271 -0.002799 -0.505489 0.031013 -1.945020 -0.009376 0.086384
F1_4.jpg 0.868184 -0.002079 -0.495268 0.031009 -2.004817 -0.010641 -0.034022
F1_5.jpg 0.868567 -0.002363 -0.494594 0.031033 -2.068444 -0.010193 -0.191807
F1_6.jpg 0.868009 -0.002660 -0.495592 0.030701 -2.138409 -0.007315 -0.352910
F1_7.jpg 0.867298 -0.002608 -0.496830 0.030776 -2.209959 -0.007045 -0.517271
F1_8.jpg 0.866127 -0.002840 -0.498859 0.030909 -2.277212 -0.005826 -0.679380
F1_9.jpg 0.856466 -0.003828 -0.515279 0.030636 -2.319338 -0.005501 -0.913886
E1_28.jpg 0.995633 0.010141 -0.087818 0.030004 0.514791 -0.022348 2.067261
E1_33.jpg 0.986644 0.007339 -0.159948 0.029935 -0.184170 -0.019564 1.963053
E1_34.jpg 0.986591 0.007848 -0.160247 0.029947 -0.270223 -0.023407 1.938399
E1_35.jpg 0.986269 0.007689 -0.162262 0.029747 -0.369962 -0.022971 1.909221
E1_36.jpg 0.986959 0.008764 -0.158038 0.029315 -0.460003 -0.027343 1.866766
E1_32.jpg 0.987515 0.007971 -0.154435 0.030015 -0.081141 -0.019144 1.990202
E1_37.jpg 0.988053 0.007960 -0.151141 0.029055 -0.551969 -0.022563 1.831196
E1_38.jpg 0.989243 0.008965 -0.143006 0.029436 -0.628805 -0.028210 1.779494
E1_31.jpg 0.988021 0.007722 -0.151205 0.029870 0.012917 -0.017366 2.014300
E1_30.jpg 0.989661 0.009074 -0.139964 0.029979 0.139248 -0.024634 2.040418
E1_29.jpg 0.991507 0.008455 -0.126310 0.029796 0.275763 -0.020131 2.077215
E1_39.jpg 0.989034 0.008737 -0.144474 0.029377 -0.745312 -0.025329 1.715718
E1_40.jpg 0.985957 0.007977 -0.164241 0.029142 -0.940116 -0.026976 1.618405
E1_27.jpg 0.997911 0.010139 -0.056531 0.029582 0.715395 -0.016444 2.054079
E1_26.jpg 0.998744 0.011267 -0.038591 0.029896 0.867739 -0.016067 2.025017
E1_25.jpg 0.999288 0.012006 -0.019613 0.029899 0.997750 -0.016591 2.013918
E1_24.jpg 0.999227 0.011182 -0.022354 0.030345 1.020793 -0.011841 2.037269
E1_41.jpg 0.982700 0.007743 -0.182698 0.029357 -1.120784 -0.026278 1.506827
E1_42.jpg 0.978087 0.006475 -0.206045 0.029153 -1.330310 -0.023537 1.377585
F1_22.jpg 0.975187 0.005706 -0.219321 0.029612 -1.496858 -0.023121 1.278043
F1_23.jpg 0.975911 0.006432 -0.215988 0.030104 -1.593464 -0.025131 1.237478
F1_24.jpg 0.976516 0.006087 -0.213300 0.029715 -1.693140 -0.020874 1.199075
F1_25.jpg 0.977145 0.006838 -0.210312 0.030155 -1.778592 -0.024875 1.145251
F1_26.jpg 0.976961 0.006400 -0.211234 0.029779 -1.885056 -0.023208 1.081969
F1_27.jpg 0.974460 0.006061 -0.222519 0.029610 -2.018903 -0.024218 0.964967
F1_28.jpg 0.973890 0.006205 -0.224981 0.029705 -2.140109 -0.019734 0.889175
F1_29.jpg 0.972580 0.005273 -0.230587 0.029832 -2.262882 -0.018177 0.803980
F1_30.jpg 0.969636 0.005349 -0.242585 0.030482 -2.368871 -0.016870 0.676867
F1_31.jpg 0.967939 0.004833 -0.249333 0.030069 -2.473888 -0.019697 0.582762
F1_32.jpg 0.960709 0.004308 -0.275867 0.030265 -2.587324 -0.024469 0.368590
F1_33.jpg 0.950208 0.003767 -0.310105 0.030431 -2.684510 -0.019695 0.095816
F1_10.jpg 0.820344 -0.005573 -0.571059 0.029949 -2.231666 -0.005999 -1.367790
F1_34.jpg 0.918083 -0.000069 -0.395200 0.030660 -2.710493 -0.020213 -0.458189
F1_38.jpg 0.925868 0.000945 -0.376503 0.031812 -2.689062 -0.026456 -0.401220
F1_36.jpg 0.820735 -0.006690 -0.570477 0.030089 -2.324038 -0.018890 -1.503294
F1_37.jpg 0.823733 -0.005194 -0.566150 0.030188 -2.322203 -0.019968 -1.488170
F1_11.jpg 0.798495 -0.006185 -0.601229 0.029843 -2.151543 -0.003971 -1.691142
F1_35.jpg 0.863779 -0.004432 -0.502859 0.031624 -2.530582 -0.024650 -1.114307
O_81.jpg 0.784805 -0.007239 -0.618997 0.029516 -2.093453 -0.004364 -1.939907
O_82.jpg 0.775671 -0.007817 -0.630407 0.029322 -2.050454 -0.003871 -2.145623
O_83.jpg 0.774789 -0.007185 -0.631500 0.029291 -2.053239 -0.003359 -2.311200
O_84.jpg 0.769359 -0.007503 -0.638107 0.029138 -2.018109 -0.002989 -2.512993
O_85.jpg 0.762508 -0.008184 -0.646298 0.028517 -1.970699 0.001560 -2.723912
O_86.jpg 0.756637 -0.008253 -0.653149 0.028785 -1.926328 0.002545 -2.919493
O_87.jpg 0.754176 -0.008443 -0.656015 0.028143 -1.923320 0.004796 -3.099128
O_88.jpg 0.753123 -0.008600 -0.657242 0.027650 -1.933594 0.012118 -3.279640
O_89.jpg 0.753059 -0.008234 -0.657314 0.027806 -1.946487 0.009374 -3.461544
O_90.jpg 0.755460 -0.007944 -0.654542 0.028151 -1.976724 0.011925 -3.626389
O_91.jpg 0.759988 -0.008000 -0.649279 0.028130 -2.029730 0.011196 -3.771642
O_92.jpg 0.762663 -0.007887 -0.646141 0.028006 -2.061530 0.017345 -3.927432
O_93.jpg 0.773474 -0.007093 -0.633133 0.028809 -2.168495 0.012138 -4.026267
O_94.jpg 0.798185 -0.005937 -0.601674 0.029226 -2.463084 0.012287 -4.009123
O_95.jpg 0.805145 -0.005888 -0.592333 0.029140 -2.543721 0.013362 -4.116136
O_96.jpg 0.802857 -0.006156 -0.595430 0.029086 -2.499406 0.017031 -4.294604
O_97.jpg 0.781170 -0.006874 -0.623596 0.029242 -2.153103 0.013833 -4.608381
O_98.jpg 0.732011 -0.009048 -0.680656 0.028030 -1.397355 0.016311 -5.025995
O_99.jpg -0.648248 0.012123 0.760901 -0.025635 -0.134605 0.029172 -5.350516
D1_23.jpg 0.946795 0.002802 -0.320673 0.027216 0.735044 -0.038912 2.950432
D1_21.jpg 0.942183 0.000518 -0.333945 0.027771 0.789062 -0.029773 3.002234
D1_20.jpg 0.941279 0.000856 -0.336500 0.027590 0.834627 -0.035411 2.994449
D1_19.jpg 0.927624 -0.000164 -0.372531 0.027083 0.661063 -0.039992 3.052254
D1_18.jpg 0.919935 0.000277 -0.391126 0.027202 0.596826 -0.043100 3.092652
D1_17.jpg 0.911049 -0.001133 -0.411396 0.027225 0.505036 -0.040060 3.150649
D1_16.jpg 0.897819 -0.001927 -0.439556 0.026601 0.368362 -0.044482 3.180474
D1_15.jpg 0.891884 -0.002040 -0.451506 0.026087 0.348280 -0.050095 3.217659
D1_14.jpg 0.867229 -0.003082 -0.497237 0.025680 0.078292 -0.052078 3.276201
D1_13.jpg 0.853683 -0.004268 -0.520167 0.025150 -0.042036 -0.051551 3.322349
D1_12.jpg 0.826267 -0.006999 -0.562677 0.025071 -0.297282 -0.040074 3.311840
D1_11.jpg 0.805549 -0.006896 -0.591982 0.024489 -0.453727 -0.047726 3.282011
D1_10.jpg 0.758702 -0.009305 -0.650940 0.023695 -0.869940 -0.042207 3.200955
D1_9.jpg 0.747175 -0.009609 -0.664147 0.023352 -0.909669 -0.043574 3.190330
D1_8.jpg 0.741252 -0.010619 -0.670721 0.023780 -0.884782 -0.034967 3.187345
D1_7.jpg 0.747124 -0.009654 -0.664207 0.023273 -0.741779 -0.042593 3.209359
D1_6.jpg 0.748856 -0.010004 -0.662242 0.023456 -0.637220 -0.040488 3.253255
D1_5.jpg 0.761875 -0.009133 -0.647219 0.023911 -0.426334 -0.042815 3.305695
D1_4.jpg 0.766787 -0.009649 -0.641360 0.024541 -0.297274 -0.036337 3.347407
D1_3.jpg 0.770784 -0.009040 -0.636541 0.025014 -0.176387 -0.038435 3.356382
D1_2.jpg 0.771682 -0.008805 -0.635440 0.025394 -0.120466 -0.036365 3.371977
D1_1.jpg 0.769759 -0.008811 -0.637763 0.025539 -0.125462 -0.035675 3.378828
D1_24.jpg 0.951146 0.003086 -0.307543 0.026980 0.720011 -0.039707 2.893743
D1_25.jpg 0.951970 0.003616 -0.304968 0.027101 0.641899 -0.041602 2.822720
D1_26.jpg 0.953146 0.003364 -0.301266 0.027216 0.560195 -0.041437 2.764465
C_86.jpg 0.038370 0.027765 0.998877 -0.000918 -5.262426 0.011435 -0.052397
F1_39.jpg 0.999225 0.010378 -0.023704 0.029652 -2.260859 -0.018327 1.458431
C_85.jpg 0.087257 0.028830 0.995769 -0.000112 -5.197943 0.019511 -0.439702
C_84.jpg 0.225465 0.029540 0.973794 0.004372 -4.821112 0.030711 -1.761401
C_70.jpg 0.550431 0.028678 0.834283 0.013248 -2.198826 0.027523 -2.586668
D1_61.jpg 0.895584 0.020926 0.443548 0.027500 2.782065 0.025464 -0.225403
O_100.jpg -0.573446 0.014319 0.818768 -0.023969 0.968619 0.033081 -5.399148
O_101.jpg -0.508488 0.016107 0.860639 -0.021927 1.873020 0.040046 -5.309352
O_102.jpg -0.451448 0.018013 0.891892 -0.019980 2.631336 0.038871 -5.126923
O_52.jpg -0.421621 0.017907 0.906438 -0.016904 2.982410 0.046735 -5.004147
O_103.jpg -0.393275 0.020059 0.919013 -0.018662 3.337945 0.029348 -4.836111
O_51.jpg -0.433132 0.017801 0.900989 -0.017312 2.780560 0.045802 -4.955768
O_104.jpg -0.362241 0.021231 0.931689 -0.016924 3.703564 0.028866 -4.696908
O_53.jpg -0.405082 0.018587 0.913940 -0.016621 3.229791 0.042848 -5.011187
O_50.jpg -0.441549 0.017285 0.896891 -0.017933 2.612869 0.041779 -4.901423
O_149.jpg -0.094521 0.023448 0.995225 -0.006562 5.902824 0.062830 -1.790907
O_148.jpg -0.188572 0.023071 0.981751 -0.008532 5.396403 0.063554 -2.735443
O_150.jpg 0.021822 0.024566 0.999455 -0.003134 6.259700 0.062599 -0.494869
O_151.jpg 0.184091 0.026104 0.982560 0.002160 6.183778 0.043123 1.432573
O_147.jpg -0.204012 0.022496 0.978671 -0.008741 5.259234 0.069317 -2.757379
O_152.jpg 0.381579 0.027116 0.923900 0.008441 5.191146 0.018436 3.716151
O_146.jpg -0.195553 0.023053 0.980386 -0.008442 5.255995 0.057419 -2.512538
O_153.jpg 0.568506 0.025541 0.822166 0.013839 3.261153 0.010611 5.502432
O_105.jpg 0.330937 0.030798 0.943145 0.003267 5.402061 -0.017014 3.253259
O_106.jpg 0.331944 0.031333 0.942768 0.004462 5.308838 -0.026711 3.183912
O_107.jpg 0.335044 0.030852 0.941685 0.004702 5.191371 -0.016593 3.137053
O_154.jpg 0.678129 0.025098 0.734322 0.016799 1.635977 -0.004399 6.163848
O_108.jpg 0.347287 0.031217 0.937222 0.005674 4.998355 -0.021196 3.174309
O_155.jpg 0.730956 0.024359 0.681743 0.018319 0.709612 -0.008193 6.342352
O_55.jpg 0.707315 0.026945 0.706188 0.016647 1.139046 -0.016375 6.285902
O_54.jpg 0.699236 0.026350 0.714255 0.014647 1.280740 0.002371 6.345920
O_56.jpg 0.745392 0.026371 0.665866 0.017839 0.415932 -0.016830 6.272158
O_3.jpg 0.724948 0.028426 0.687964 0.018631 0.782994 -0.066061 6.400079
O_2.jpg 0.709120 0.027554 0.704360 0.016328 1.104855 -0.041786 6.448157
O_1.jpg 0.705994 0.025916 0.707575 0.015442 1.178066 -0.019416 6.448202
O_4.jpg 0.790914 0.027525 0.610941 0.021172 -0.550562 -0.068159 6.283360
O_57.jpg 0.829797 0.023683 0.557153 0.021339 -1.298431 -0.016479 6.088332
O_145.jpg -0.149385 0.024229 0.988458 -0.006952 5.422933 0.048179 -1.855645
O_144.jpg -0.126344 0.024359 0.991666 -0.006444 5.486302 0.045863 -1.448026
O_109.jpg 0.347643 0.031336 0.937084 0.006009 4.877138 -0.020486 3.062728
O_110.jpg 0.341886 0.031470 0.939196 0.005848 4.790100 -0.020990 2.884973
O_111.jpg 0.336858 0.031847 0.940995 0.006412 4.682957 -0.025583 2.679141
O_143.jpg -0.145881 0.024159 0.988979 -0.007460 5.447025 0.047765 -1.506361
O_142.jpg -0.190188 0.023720 0.981428 -0.008039 5.310670 0.048911 -1.839985
O_141.jpg -0.248360 0.022229 0.968361 -0.009978 5.077171 0.055502 -2.283393
O_140.jpg -0.283794 0.021236 0.958584 -0.011258 4.891228 0.058006 -2.485354
O_139.jpg -0.288373 0.021194 0.957213 -0.011642 4.841385 0.053993 -2.374418
O_138.jpg -0.270806 0.021632 0.962325 -0.011232 4.876649 0.052365 -2.050453
O_137.jpg -0.192207 0.021932 0.981066 -0.009254 5.066555 0.057239 -1.100748
O_136.jpg -0.139692 0.022738 0.989903 -0.007787 5.066508 0.053970 -0.422385
O_135.jpg -0.117515 0.022822 0.992782 -0.007301 4.996411 0.051974 -0.067503
O_134.jpg -0.079775 0.022798 0.996527 -0.007122 4.884167 0.054323 0.408886
O_133.jpg -0.030248 0.023263 0.999255 -0.005748 4.712056 0.049792 0.966263
O_132.jpg -0.047877 0.023831 0.998553 -0.005647 4.645645 0.043040 0.881267
O_131.jpg -0.119744 0.022547 0.992517 -0.007908 4.671554 0.048901 0.315016
O_37.jpg -0.082387 0.025132 0.996266 -0.005962 4.321238 0.014325 -0.627221
O_38.jpg -0.078080 0.025042 0.996617 -0.005568 4.299231 0.024516 -0.769937
O_39.jpg -0.072498 0.024877 0.997041 -0.005953 4.294280 0.023401 -0.903481
O_36.jpg -0.098353 0.025033 0.994815 -0.006532 4.353004 0.019051 -0.590359
O_35.jpg -0.113040 0.024601 0.993261 -0.006992 4.373116 0.015401 -0.539448
O_40.jpg -0.070343 0.024870 0.997196 -0.005711 4.266423 0.032230 -1.061796
O_43.jpg -0.238392 0.020504 0.970886 -0.011375 3.643560 0.054062 -2.814420
O_41.jpg -0.085849 0.024293 0.995992 -0.006302 4.199665 0.034820 -1.340605
O_42.jpg -0.170387 0.022860 0.985072 -0.008896 3.925423 0.042385 -2.170027
O_44.jpg -0.294576 0.020076 0.955336 -0.012446 3.372808 0.046173 -3.337347
O_45.jpg -0.310893 0.019712 0.950143 -0.013587 3.348535 0.043614 -3.552348
O_46.jpg -0.317160 0.019387 0.948070 -0.014063 3.387645 0.044947 -3.697167
O_49.jpg -0.437791 0.017363 0.898721 -0.018381 2.555974 0.037751 -4.787883
O_47.jpg -0.336738 0.019422 0.941298 -0.013711 3.311518 0.048989 -3.953917
O_48.jpg -0.396603 0.018367 0.917674 -0.015572 2.868409 0.046950 -4.461065
O_130.jpg -0.198938 0.021496 0.979718 -0.010717 4.608836 0.049235 -0.322598
O_34.jpg -0.123006 0.024198 0.992084 -0.007354 4.371207 0.022799 -0.446643
O_33.jpg -0.120070 0.024220 0.992445 -0.007078 4.362292 0.019019 -0.258673
O_32.jpg -0.043239 0.024968 0.998741 -0.004915 4.320919 0.015075 0.579126
O_129.jpg -0.362322 0.019006 0.931738 -0.015029 4.194885 0.053174 -1.742310
O_128.jpg -0.470417 0.015968 0.882115 -0.018056 3.641642 0.058584 -2.562258
O_112.jpg 0.324926 0.031796 0.945182 0.006606 4.591844 -0.019469 2.375128
O_58.jpg 0.894213 0.021922 0.446452 0.024143 -2.803602 -0.022100 5.481656
O_5.jpg 0.872428 0.024781 0.487479 0.024868 -2.359353 -0.074346 5.699326
O_59.jpg 0.943075 0.019621 0.330923 0.026739 -4.054529 -0.029372 4.527021
O_6.jpg 0.928312 0.022126 0.370113 0.027628 -3.745478 -0.070953 4.734818
O_60.jpg 0.957491 0.019320 0.286495 0.027520 -4.445941 -0.029816 4.012892
O_61.jpg 0.959752 0.019498 0.278839 0.027310 -4.499342 -0.029940 3.813754
O_62.jpg 0.955857 0.019841 0.291890 0.027268 -4.389502 -0.033010 3.803112
O_63.jpg 0.953838 0.020097 0.298461 0.026640 -4.354985 -0.027581 3.723649
O_8.jpg 0.955352 0.020493 0.293369 0.028581 -4.473037 -0.062632 3.716076
O_9.jpg 0.938688 0.021185 0.342989 0.027810 -4.050618 -0.059596 4.001991
O_64.jpg 0.955861 0.020154 0.291921 0.026576 -4.420239 -0.023620 3.516139
O_7.jpg 0.954411 0.020629 0.296409 0.028558 -4.442982 -0.068409 3.917554
O_10.jpg 0.933873 0.021679 0.355916 0.027133 -3.950247 -0.054763 3.944913
O_65.jpg 0.969953 0.018904 0.240979 0.027637 -4.780151 -0.023619 2.880306
O_11.jpg 0.944768 0.020799 0.325963 0.026979 -4.223302 -0.046131 3.529064
O_12.jpg 0.960119 0.019595 0.277588 0.027054 -4.612282 -0.037499 2.924456
O_66.jpg 0.973154 0.018379 0.227710 0.027951 -4.847330 -0.026383 2.600393
O_13.jpg 0.969445 0.018454 0.243025 0.027833 -4.856029 -0.032273 2.422061
O_14.jpg 0.974606 0.017701 0.221438 0.028217 -5.008931 -0.033244 2.047411
O_15.jpg 0.976693 0.017922 0.212048 0.028036 -5.090401 -0.029194 1.783632
O_16.jpg 0.977731 0.017611 0.207217 0.028151 -5.145997 -0.028287 1.565593
O_17.jpg 0.977742 0.017194 0.207185 0.028290 -5.177661 -0.025195 1.411346
O_18.jpg 0.977505 0.017070 0.208348 0.027987 -5.217817 -0.023520 1.262901
O_67.jpg 0.957839 0.019420 0.285401 0.026720 -4.504625 -0.022082 3.025467
O_19.jpg 0.977061 0.017101 0.210438 0.027861 -5.252413 -0.022161 1.120112
O_20.jpg 0.972909 0.017330 0.228792 0.028316 -5.218810 -0.029401 1.151778
O_21.jpg 0.962161 0.017786 0.270479 0.027770 -5.120199 -0.032083 1.434175
O_68.jpg 0.897589 0.022464 0.439611 0.023921 -3.286206 -0.022495 4.212577
O_22.jpg 0.926160 0.020279 0.375677 0.026132 -4.690122 -0.032308 2.381162
O_23.jpg 0.876923 0.021966 0.479488 0.024804 -4.012642 -0.041520 3.237386
O_69.jpg 0.821292 0.025127 0.569604 0.020009 -1.926390 -0.016165 4.892811
O_70.jpg 0.807685 0.025744 0.588719 0.019800 -1.747527 -0.019062 4.862769
O_71.jpg 0.836571 0.025847 0.546834 0.021272 -2.299523 -0.024698 4.516769
O_72.jpg 0.866362 0.024994 0.498274 0.022722 -2.853018 -0.021538 4.062932
O_73.jpg 0.875116 0.024498 0.482732 0.023268 -3.036017 -0.024989 3.810211
O_74.jpg 0.875324 0.024330 0.482362 0.023283 -3.087792 -0.024412 3.665587
O_75.jpg 0.870245 0.024486 0.491497 0.022469 -3.063097 -0.017251 3.597765
O_76.jpg 0.853115 0.025173 0.520649 0.022035 -2.865583 -0.019358 3.665484
O_77.jpg 0.826156 0.025925 0.562451 0.021063 -2.547705 -0.019703 3.807594
O_78.jpg 0.810082 0.026612 0.585361 0.020293 -2.394321 -0.017071 3.816520
O_79.jpg 0.784037 0.026925 0.619806 0.020069 -2.097255 -0.023765 3.870375
O_80.jpg 0.743711 0.027504 0.667672 0.018735 -1.642496 -0.023195 3.967362
G_72.jpg 0.716981 0.028130 0.696301 0.017651 -1.365492 -0.019329 3.946690
G_73.jpg 0.693102 0.028427 0.720069 0.017386 -1.116765 -0.023416 3.879522
G_74.jpg 0.680341 0.028399 0.732143 0.017176 -0.998454 -0.022390 3.765717
G_75.jpg 0.689277 0.028266 0.723746 0.017018 -1.113451 -0.017730 3.602580
G_76.jpg 0.758454 0.026417 0.650891 0.019772 -1.807408 -0.018515 3.190317
G_77.jpg 0.853467 0.023278 0.520079 0.023897 -2.711169 -0.017941 2.346867
O_31.jpg 0.059932 0.026074 0.997860 -0.001693 4.062586 0.004778 1.609847
G_101.jpg -0.516851 0.015007 0.855708 -0.020080 3.293134 0.049723 -2.802421
O_30.jpg 0.126026 0.026418 0.991675 0.000034 3.774370 0.000726 2.293174
O_29.jpg 0.224055 0.027122 0.974196 0.002546 3.202162 -0.006751 3.132984
O_28.jpg 0.360323 0.028312 0.932375 0.006487 2.158035 -0.023594 4.022167
O_184.jpg 0.237493 0.029884 0.970913 0.005741 2.624249 -0.019763 1.751832
O_185.jpg 0.241253 0.029743 0.969987 0.006130 2.520363 -0.022668 1.717626
O_175.jpg 0.023819 0.025644 0.999291 -0.013849 2.619141 -0.013422 -0.526134
O_187.jpg 0.085274 0.029134 0.995930 0.001624 2.758659 -0.013853 0.800122
O_186.jpg 0.193008 0.030053 0.980728 0.004259 2.588116 -0.019983 1.427463
O_188.jpg -0.016954 0.029209 0.999427 -0.002239 2.784068 -0.012371 0.205974
O_190.jpg -0.100033 0.027529 0.994590 -0.005146 2.641496 -0.006363 -0.256685
O_189.jpg -0.085645 0.027919 0.995926 -0.004051 2.710931 -0.009728 -0.188403
O_183.jpg 0.134668 0.029885 0.990438 0.001766 3.043764 -0.015696 1.211957
O_182.jpg 0.078547 0.029458 0.996475 -0.000091 3.267848 -0.013551 0.861779
O_181.jpg 0.068331 0.029893 0.997214 -0.001159 3.375401 -0.016985 0.812424
O_180.jpg 0.076982 0.029582 0.996593 -0.000426 3.456410 -0.017171 0.869651
O_179.jpg 0.076731 0.029810 0.996605 -0.001310 3.539983 -0.017482 0.883333
O_178.jpg 0.067071 0.029220 0.997320 -0.001018 3.645127 -0.014562 0.805782
O_177.jpg 0.059747 0.029350 0.997780 -0.001853 3.714173 -0.010381 0.778889
O_176.jpg 0.041210 0.028131 0.998751 -0.002706 3.806242 0.000428 0.631762
G_78.jpg 0.930680 0.020453 0.364306 0.026406 -3.324095 -0.011746 1.197252
O_24.jpg 0.803164 0.023589 0.594880 0.022116 -2.965508 -0.041505 4.062639
O_27.jpg 0.491462 0.028128 0.870385 0.010174 0.907626 -0.029904 4.587968
D1_27.jpg 0.961799 0.002882 -0.272408 0.026980 0.602565 -0.033939 2.724408
O_25.jpg 0.766056 0.024841 0.641963 0.020592 -2.429514 -0.043022 4.262202
O_26.jpg 0.684356 0.025139 0.728513 0.017144 -1.335582 -0.035931 4.589326
O_113.jpg 0.323436 0.031769 0.945697 0.006065 4.438625 -0.018151 2.180886
O_114.jpg 0.332812 0.031757 0.942436 0.006554 4.234947 -0.019048 2.090963
O_115.jpg 0.349209 0.031381 0.936490 0.007431 4.001988 -0.012348 2.064953
O_116.jpg 0.366132 0.030666 0.930024 0.007834 3.777690 -0.005036 2.061766
O_117.jpg 0.393316 0.030039 0.918872 0.008597 3.531866 -0.000981 2.147530
O_118.jpg 0.424840 0.029681 0.904726 0.010054 3.269705 -0.001511 2.234173
O_119.jpg 0.462581 0.028601 0.886032 0.012144 3.014181 -0.000943 2.330563
O_120.jpg 0.556851 0.026660 0.830037 0.015678 2.439542 0.002360 2.758398
O_121.jpg 0.706443 0.024110 0.707051 0.020850 1.279305 -0.007943 3.338379
O_122.jpg 0.852055 0.019694 0.522454 0.025619 -0.267967 -0.016548 3.450292
O_123.jpg 0.927340 0.016166 0.372760 0.028805 -1.269043 -0.019211 3.089394
O_124.jpg 0.962218 0.013530 0.270346 0.029442 -1.764969 -0.019531 2.671786
O_125.jpg 0.959639 0.014113 0.279380 0.029010 -1.560228 -0.012508 2.639875
O_126.jpg 0.911028 0.016910 0.411015 0.028433 -0.624153 -0.008482 2.925015
G_100.jpg -0.632325 0.012376 0.774270 -0.022756 2.338082 0.045837 -3.496023
G_99.jpg 0.715249 -0.009560 -0.698372 0.024580 1.496436 0.049865 -3.804219
G_98.jpg 0.727001 -0.009549 -0.686135 0.024434 1.350737 0.041071 -3.717244
G_97.jpg 0.758163 -0.008987 -0.651537 0.024655 0.994763 0.036130 -3.684527
G_96.jpg 0.803140 -0.006803 -0.595188 0.025913 0.496015 0.038032 -3.653444
G_95.jpg 0.846431 -0.004573 -0.531819 0.026502 -0.005968 0.036659 -3.564042
D1_28.jpg 0.984099 0.006489 -0.175357 0.027525 1.021984 -0.037534 2.561658
D1_29.jpg 0.996431 0.009672 -0.079233 0.027439 1.395811 -0.038408 2.317985
D1_30.jpg 0.999363 0.011274 -0.020779 0.026752 1.542709 -0.035652 2.110568
D1_31.jpg 0.999038 0.013346 0.031641 0.027272 1.642508 -0.030727 1.874534
D1_32.jpg 0.990650 0.016175 0.132905 0.026233 1.865247 -0.028203 1.454994
D1_33.jpg 0.978989 0.017143 0.201492 0.026228 1.947731 -0.023276 1.148086
D1_34.jpg 0.954864 0.018652 0.295362 0.025454 2.065636 -0.018834 0.731263
D1_35.jpg 0.893121 0.020547 0.448749 0.023155 2.156739 -0.010450 0.068877
D1_58.jpg 0.922201 0.019617 0.385144 0.028706 2.315014 0.017676 0.445338
D1_59.jpg 0.925497 0.019485 0.377132 0.029099 2.453676 0.021329 0.367677
E1_23.jpg 0.897793 0.021354 0.439059 0.027162 2.254681 0.015795 0.294712
D1_38.jpg 0.842415 0.021737 0.537897 0.023036 2.214102 -0.007422 -0.199588
D1_39.jpg 0.891133 0.021353 0.452440 0.026896 2.255130 -0.003109 0.244493
D1_40.jpg 0.945705 0.017735 0.323284 0.028554 2.133925 -0.006870 0.872877
D1_41.jpg 0.958623 0.017714 0.282569 0.029724 2.052838 -0.009485 1.031571
D1_42.jpg 0.959280 0.018610 0.280234 0.030062 2.065322 -0.004216 0.963152
D1_37.jpg 0.827320 0.022493 0.560808 0.023030 2.143158 -0.003225 -0.369888
D1_36.jpg 0.846760 0.021846 0.531104 0.021175 2.125622 -0.011282 -0.265355
D1_43.jpg 0.961890 0.018052 0.271122 0.030584 2.077113 0.001091 0.912057
D1_44.jpg 0.970180 0.017664 0.239811 0.030467 2.011705 0.000021 0.942823
D1_45.jpg 0.988814 0.014336 0.144984 0.031955 1.843062 -0.003470 1.234662
D1_60.jpg 0.909175 0.020186 0.414950 0.028469 2.632777 0.025138 0.056398
E1_22.jpg 0.892950 0.021207 0.448812 0.027535 2.157111 0.014984 0.384738
E1_21.jpg 0.889638 0.021431 0.455346 0.027299 2.039390 0.011343 0.486434
E1_20.jpg 0.888677 0.021193 0.457221 0.027445 1.923441 0.010330 0.619608
E1_19.jpg 0.888362 0.021339 0.457822 0.027499 1.806673 0.006581 0.766079
E1_18.jpg 0.887856 0.021447 0.458803 0.027400 1.692206 0.003033 0.911662
E1_17.jpg 0.886833 0.021437 0.460757 0.027760 1.574374 0.002773 1.047594
E1_16.jpg 0.886456 0.020710 0.461510 0.027853 1.439025 0.004261 1.185626
E1_15.jpg 0.885978 0.020438 0.462453 0.027618 1.294144 0.004312 1.303007
E1_14.jpg 0.880987 0.021477 0.471876 0.027089 1.183033 -0.002740 1.393286
E1_13.jpg 0.862571 0.022805 0.504740 0.026261 1.185741 -0.002534 1.453720
F1_21.jpg 0.847544 0.023138 0.529605 0.025543 1.201158 -0.003486 1.558654
F1_20.jpg 0.843565 0.022838 0.535937 0.025453 1.165054 -0.002280 1.711067
F1_19.jpg 0.859094 0.022359 0.510661 0.026126 0.968926 -0.006626 1.936851
F1_18.jpg 0.883026 0.021030 0.468075 0.026995 0.661391 -0.007271 2.158748
F1_17.jpg 0.889874 0.020399 0.454926 0.027388 0.493055 -0.008035 2.306016
F1_16.jpg 0.891306 0.020150 0.452123 0.027421 0.376785 -0.008020 2.441257
F1_15.jpg 0.895803 0.019819 0.443134 0.027853 0.208592 -0.013548 2.561977
F1_14.jpg 0.896936 0.019783 0.440837 0.027867 0.062638 -0.015248 2.662389
F1_13.jpg 0.890740 0.019513 0.453262 0.027468 0.025691 -0.013567 2.787384
F1_46.jpg 0.856157 0.022122 0.515721 0.023176 0.393026 -0.012735 2.642347
F1_45.jpg 0.833379 0.022870 0.551795 0.021897 0.625089 -0.011103 2.595283
F1_44.jpg 0.825029 0.023121 0.564219 0.021210 0.716142 -0.009434 2.572337
F1_42.jpg 0.843454 0.022238 0.536302 0.021695 0.552484 -0.007985 2.614434
F1_43.jpg 0.826717 0.022752 0.561753 0.021334 0.710829 -0.007935 2.576107
F1_12.jpg 0.887220 0.019058 0.460159 0.027040 -0.044924 -0.014110 2.882839
O_127.jpg 0.889655 0.018181 0.455467 0.027082 -0.200248 -0.009435 2.926789
F1_41.jpg 0.904354 0.019518 0.425609 0.024900 -0.131185 -0.010037 2.666939
F1_40.jpg 0.970123 0.016086 0.240501 0.027588 -1.175770 -0.017357 2.402940
G_79.jpg 0.972089 0.016940 0.232097 0.029784 -3.457800 -0.017282 0.157750
G_80.jpg 0.962999 0.017453 0.267423 0.028515 -3.353602 -0.012580 0.313875
C_69.jpg 0.654947 0.027841 0.754964 0.017278 -1.490371 0.034135 -2.938779
D2_58.jpg 0.666716 0.027756 0.744599 0.017107 -1.411143 0.031247 -2.828491
D2_57.jpg 0.676101 0.026654 0.736110 0.017856 -1.338750 0.029093 -2.715128
D2_56.jpg 0.711573 0.026522 0.701858 0.018837 -1.116601 0.028612 -2.708892
D2_55.jpg 0.778245 0.024856 0.627105 0.021357 -0.626836 0.029991 -2.757545
G_94.jpg 0.911670 -0.001517 -0.410002 0.027468 -0.871595 0.030873 -3.324722
G_81.jpg 0.900659 0.022367 0.433213 0.025282 -2.972848 -0.012199 1.356479
O_165.jpg -0.013384 0.025372 0.999444 -0.016993 3.015630 -0.024919 -0.734122
C_75.jpg 0.543453 0.029214 0.838822 0.013538 -2.343645 0.036515 -3.200935
C_83.jpg 0.345129 0.029866 0.938039 0.008757 -4.222088 0.042890 -2.793194
G_90.jpg 0.724623 -0.010024 -0.688641 0.024380 1.240013 0.029792 -2.644725
G_91.jpg 0.898776 -0.003144 -0.437505 0.027955 -0.528467 0.019821 -2.996260
G_89.jpg -0.589099 0.014188 0.807667 -0.020832 1.998053 0.029935 -1.910852
G_92.jpg 0.956373 0.000573 -0.290726 0.028800 -1.479126 0.016668 -2.788173
G_93.jpg 0.961031 0.001636 -0.275013 0.028015 -1.651303 0.025474 -2.855953
G_88.jpg -0.468489 0.017068 0.883118 -0.018180 2.345573 0.023563 -1.148437
G_87.jpg -0.306242 0.019584 0.951647 -0.014141 2.468442 0.026305 -0.167935
F2_29.jpg -0.579260 0.015089 0.814737 -0.020845 1.906350 0.026032 -1.020695
G_84.jpg -0.399670 0.018895 0.916315 -0.016541 2.185701 0.021228 -0.279796
G_86.jpg -0.244713 0.020437 0.969303 -0.012258 2.333801 0.022705 0.235780
G_85.jpg -0.283729 0.020733 0.958587 -0.013381 2.246031 0.017906 0.156393
F2_28.jpg 0.724047 -0.010424 -0.689249 0.024155 1.433745 0.024631 -1.548296
F2_27.jpg 0.801027 -0.007556 -0.598028 0.025693 1.091647 0.024857 -1.722161
F2_26.jpg 0.904532 -0.002813 -0.425520 0.027307 0.426702 0.025456 -1.906611
F2_25.jpg 0.966184 0.002439 -0.256399 0.027246 -0.161291 0.024393 -1.857914
F2_24.jpg 0.971943 0.002677 -0.233570 0.027660 -0.157839 0.020539 -1.754051
F2_23.jpg 0.966831 0.001775 -0.253853 0.028168 -0.037313 0.017181 -1.667309
F2_22.jpg 0.926607 -0.001137 -0.374951 0.028446 0.390523 0.019590 -1.545224
J_31.jpg 0.998210 0.008109 -0.050477 0.031039 -1.044234 0.015827 -1.393363
J_32.jpg 0.990864 0.006287 -0.130994 0.031469 -0.816737 0.017959 -1.542490
J_33.jpg 0.980157 0.004717 -0.195650 0.031473 -0.616010 0.019932 -1.636190
J_34.jpg 0.970623 0.003842 -0.238525 0.031351 -0.472700 0.021891 -1.684047
J_5.jpg 0.742642 -0.008625 -0.669152 0.025369 2.278389 0.033120 -1.437036
J_6.jpg 0.803141 -0.005913 -0.595183 0.026205 1.974452 0.034766 -1.845949
J_30.jpg 0.999304 0.009951 0.018633 0.030746 -1.213396 0.013291 -1.245106
J_4.jpg -0.627795 0.012502 0.777939 -0.022963 2.600721 0.031123 -0.660734
J_7.jpg 0.848592 -0.004271 -0.528333 0.027173 1.658137 0.031937 -2.141326
J_3.jpg -0.546807 0.012766 0.836906 -0.020666 2.665125 0.039689 -0.123359
J_2.jpg -0.510256 0.013770 0.859671 -0.020361 2.638996 0.038285 0.110623
J_8.jpg 0.882682 -0.002632 -0.469118 0.028161 1.359254 0.029907 -2.348075
J_1.jpg -0.498490 0.014748 0.866553 -0.019399 2.625134 0.033507 0.180905
J_9.jpg 0.907916 -0.000717 -0.418191 0.028355 1.092946 0.031095 -2.491369
J_10.jpg 0.931001 0.000855 -0.363875 0.028824 0.805074 0.030433 -2.607790
J_11.jpg 0.961889 0.003121 -0.271867 0.029110 0.300129 0.027416 -2.722149
F2_12.jpg 0.994218 0.013416 0.101854 0.031239 -1.726965 0.000776 -1.108040
J_29.jpg 0.995901 0.011500 0.084475 0.030222 -1.358624 0.011097 -1.078675
F2_13.jpg 0.987584 0.014038 0.153448 0.030569 -1.729608 0.000634 -1.011913
F2_11.jpg 0.975247 0.015878 0.218650 0.028852 -2.000208 0.000280 -0.575468
J_28.jpg 0.987167 0.013295 0.156365 0.029576 -1.490547 0.009749 -0.875492
J_27.jpg 0.973756 0.014797 0.225299 0.028651 -1.589328 0.008220 -0.661245
J_26.jpg 0.958906 0.016004 0.281906 0.027782 -1.645744 0.006800 -0.475872
J_25.jpg 0.951025 0.016559 0.307448 0.027449 -1.659653 0.006488 -0.389769
F2_14.jpg 0.927005 0.018386 0.373883 0.023117 -1.908932 0.002345 -0.232157
F2_10.jpg 0.916972 0.020169 0.397581 0.026153 -2.067892 -0.003502 0.284910
F2_21.jpg 0.840550 -0.005637 -0.541052 0.026577 0.880464 0.020715 -1.222107
F2_9.jpg 0.840180 0.024196 0.541287 0.022800 -1.835626 -0.006589 1.020898
F2_8.jpg 0.780807 0.025661 0.623893 0.020941 -1.560504 -0.011432 1.480100
F2_7.jpg 0.700140 0.027396 0.713262 0.017642 -1.117802 -0.009710 1.927808
J_12.jpg 0.988972 0.006289 -0.145114 0.028915 -0.400989 0.023356 -2.708435
J_13.jpg 0.996941 0.008489 -0.072194 0.028715 -0.786215 0.022869 -2.622496
J_21.jpg 0.677733 0.024899 0.734725 0.015376 -2.294347 -0.000502 1.254521
J_22.jpg 0.571886 0.026188 0.819835 0.011450 -1.860115 0.001929 1.820584
J_23.jpg 0.446214 0.026203 0.894513 0.007229 -1.244062 0.000766 2.278737
J_24.jpg 0.406848 0.025755 0.913107 0.006859 -0.992210 -0.005563 2.357090
J_20.jpg 0.752073 0.023613 0.658415 0.017847 -2.538662 0.001677 0.755162
J_19.jpg 0.819835 0.022083 0.571827 0.019907 -2.668983 0.003317 0.185939
J_18.jpg 0.884064 0.020118 0.466396 0.022370 -2.646636 0.005600 -0.480774
J_17.jpg 0.937887 0.017566 0.345627 0.024543 -2.444126 0.008593 -1.163708
J_16.jpg 0.977557 0.014734 0.208481 0.026462 -2.029709 0.013536 -1.810701
J_14.jpg 0.999536 0.009901 0.000072 0.028794 -1.136067 0.015598 -2.484438
J_15.jpg 0.995927 0.011700 0.084929 0.027911 -1.524659 0.012169 -2.261389
F2_6.jpg 0.596955 0.029159 0.801632 0.013396 -0.485724 -0.006404 2.257012
F2_5.jpg 0.494116 0.029753 0.868827 0.010189 0.159230 -0.008447 2.401185
F2_2.jpg 0.431670 0.029081 0.901528 0.007957 0.569604 -0.005656 2.737264
F2_4.jpg 0.431835 0.029816 0.901425 0.007950 0.558072 -0.004959 2.473891
F2_3.jpg 0.418134 0.029622 0.907869 0.007707 0.657078 -0.006805 2.581759
F2_1.jpg 0.497169 0.028907 0.867118 0.009717 0.138785 -0.005177 2.916416
G_11.jpg 0.339930 0.037460 0.939354 0.025665 1.035474 -0.091313 1.973177
G_10.jpg 0.345169 0.037671 0.937532 0.021749 1.097945 -0.082419 2.053618
G_9.jpg 0.347804 0.037167 0.936547 0.023028 1.193372 -0.084336 2.112494
G_12.jpg 0.341337 0.037312 0.938887 0.024265 0.937602 -0.086146 1.920868
G_13.jpg 0.336225 0.037630 0.940742 0.023284 0.880380 -0.087897 1.863928
G_8.jpg 0.358933 0.036860 0.932322 0.024187 1.230670 -0.083631 2.206432
G_7.jpg 0.386166 0.036114 0.921371 0.025427 1.153569 -0.084448 2.354085
G_6.jpg 0.390662 0.036232 0.919464 0.025600 1.202671 -0.086692 2.433522
G_5.jpg 0.384321 0.035989 0.922158 0.025047 1.329646 -0.081717 2.475427
G_4.jpg 0.377923 0.035621 0.924832 0.024318 1.455989 -0.082081 2.509467
G_3.jpg 0.370783 0.034867 0.927781 0.022956 1.594355 -0.074766 2.532918
G_2.jpg 0.361037 0.034461 0.931655 0.021998 1.730047 -0.068585 2.540029
G_1.jpg 0.351944 0.032713 0.935236 0.019972 1.838559 -0.052738 2.531486
G_14.jpg 0.253190 0.034758 0.966525 0.022728 1.195486 -0.066406 1.598835
G_83.jpg 0.600439 0.028324 0.799063 0.013039 -0.612359 -0.007212 2.974648
G_15.jpg 0.107132 0.027645 0.993824 -0.008515 1.681961 -0.029293 1.048331
G_82.jpg 0.762080 0.025606 0.646696 0.019047 -1.887076 -0.009552 2.513212
G_18.jpg -0.014689 0.020018 0.999632 -0.010882 1.906630 0.003760 0.542504
F2_20.jpg -0.699507 0.010595 0.714156 -0.023661 1.243942 0.022404 -0.655122
G_16.jpg 0.003669 0.025092 0.999653 0.007112 2.081717 -0.013500 0.627893
G_19.jpg -0.003851 0.021103 0.999718 -0.010202 1.778397 0.002072 0.598478
G_20.jpg 0.013506 0.020615 0.999667 -0.007662 1.608095 0.005511 0.690956
G_21.jpg 0.013406 0.020509 0.999682 -0.005924 1.469662 0.000079 0.713634
G_22.jpg -0.003420 0.020595 0.999768 -0.005311 1.486623 -0.003462 0.689701
G_23.jpg -0.049898 0.020816 0.998531 -0.003625 1.664999 -0.001523 0.568588
G_24.jpg -0.071462 0.020299 0.997236 0.000873 1.805574 -0.004727 0.505243
G_27.jpg -0.068661 0.018129 0.997475 -0.000474 1.390169 0.002708 0.502965
G_26.jpg -0.096811 0.019014 0.995095 -0.007211 1.748925 -0.001665 0.428844
G_25.jpg -0.080540 0.020688 0.996537 0.000378 1.915637 -0.007826 0.467944
G_31.jpg -0.133953 0.015987 0.990799 0.010871 1.319477 -0.001990 0.257387
G_32.jpg -0.182849 0.015114 0.983016 0.004267 1.483141 0.002772 0.055413
G_30.jpg -0.070710 0.017399 0.997312 0.008186 1.154316 -0.003660 0.452928
G_28.jpg 0.003014 0.018980 0.999812 0.002753 1.036386 0.000681 0.671235
G_29.jpg 0.018186 0.018861 0.999626 0.007861 0.944812 -0.008962 0.689708
G_33.jpg -0.335304 0.011799 0.942029 0.003637 1.416563 0.017999 -0.413459
G_34.jpg -0.500145 0.006683 0.865910 0.003268 1.093477 0.037880 -0.872388
G_35.jpg -0.562172 0.005202 0.827003 0.001169 0.952802 0.042044 -1.051281
G_36.jpg -0.552644 0.005131 0.833398 0.002406 0.958905 0.046704 -1.084733
G_37.jpg -0.548956 0.004907 0.835835 0.001815 0.946558 0.047818 -1.136074
G_38.jpg -0.548459 0.004682 0.836163 0.001187 0.919289 0.050726 -1.187255
G_39.jpg -0.548814 0.005869 0.835922 0.001758 0.869344 0.050898 -1.229047
G_40.jpg -0.615269 0.009188 0.788232 0.007092 0.599938 0.053629 -1.374340
G_17.jpg -0.018880 0.020232 0.999574 -0.009228 2.014338 0.000107 0.519916
G_41.jpg 0.773541 -0.002361 -0.633598 0.013488 -0.055649 0.024330 -1.502096
E2_36.jpg -0.550088 0.014107 0.834759 -0.019560 1.302830 0.021522 -0.069536
E2_35.jpg -0.445420 0.016140 0.895024 -0.016508 1.157606 0.018468 0.328155
E2_34.jpg -0.375419 0.017001 0.926580 -0.014876 0.970925 0.017344 0.611564
E2_33.jpg -0.285831 0.018235 0.958023 -0.012642 0.697144 0.011615 0.879095
E2_30.jpg -0.415420 0.017277 0.909331 -0.015623 0.744910 0.013124 1.045357
E2_32.jpg -0.228706 0.019235 0.973244 -0.010918 0.445576 0.012138 1.041511
E2_31.jpg -0.263443 0.019418 0.964404 -0.012048 0.427846 0.014080 1.129646
E2_29.jpg -0.602876 0.012998 0.797477 -0.020051 1.135930 0.009756 0.756792
O_164.jpg -0.016600 0.025519 0.999380 -0.017690 3.124323 -0.018807 -0.750509
O_166.jpg -0.002766 0.025636 0.999521 -0.017130 2.874243 -0.023018 -0.674260
O_167.jpg 0.002592 0.025410 0.999537 -0.016515 2.780326 -0.024959 -0.648663
O_168.jpg 0.006617 0.025117 0.999485 -0.018866 2.699417 -0.026924 -0.619296
O_163.jpg -0.035646 0.025123 0.998864 -0.019192 3.266271 -0.025921 -0.883746
O_169.jpg 0.020662 0.024477 0.999386 -0.014174 2.592414 -0.010477 -0.545092
O_170.jpg 0.101835 0.026976 0.994361 -0.012204 2.501473 -0.014832 -0.125401
O_174.jpg 0.155198 0.025024 0.987525 -0.009067 2.622370 -0.001065 0.106923
O_171.jpg 0.192184 0.028066 0.980875 -0.012742 2.176549 -0.025082 0.316018
O_173.jpg 0.275073 0.027478 0.961031 0.000542 2.104394 -0.005194 0.693578
O_172.jpg 0.259242 0.028472 0.965361 -0.007840 2.013025 -0.024510 0.620605
O_162.jpg -0.042191 0.025492 0.998577 -0.020332 3.374956 -0.027205 -0.936547
O_161.jpg -0.062565 0.024672 0.997559 -0.018775 3.529312 -0.019334 -1.085102
O_160.jpg -0.084355 0.024683 0.995907 -0.021068 3.683887 -0.026934 -1.247544
O_159.jpg -0.140192 0.022739 0.989630 -0.021485 3.876033 -0.014025 -1.678685
O_158.jpg -0.170519 0.022896 0.984846 -0.021856 3.948434 -0.015365 -1.935764
O_156.jpg -0.202146 0.022671 0.978841 -0.022190 3.986751 -0.018608 -2.202611
O_157.jpg -0.193166 0.021944 0.980686 -0.021441 3.988592 -0.009671 -2.129789
C_76.jpg 0.616335 0.027313 0.786831 0.016786 -1.788282 0.038603 -3.717174
C_77.jpg 0.651298 0.027152 0.758116 0.018261 -1.481514 0.046061 -4.021302
C_78.jpg 0.660461 0.027143 0.750136 0.018715 -1.407018 0.047658 -4.218226
C_79.jpg 0.658554 0.026485 0.751823 0.019182 -1.435867 0.047265 -4.363565
C_80.jpg 0.631224 0.027479 0.774893 0.018501 -1.746403 0.053758 -4.399595
C_81.jpg 0.574839 0.031553 0.817427 0.019416 -2.341559 0.100510 -4.255513
C_82.jpg 0.476860 0.029881 0.878368 0.013465 -3.261112 0.054653 -3.737710
E2_18.jpg 0.327906 0.028167 0.944279 0.004643 -1.209684 0.009962 0.269653
E2_17.jpg 0.142187 0.027859 0.989447 -0.001064 -0.922630 0.008014 0.768117
E2_16.jpg -0.173789 0.024448 0.984428 -0.010062 -0.178532 0.013294 1.194082
E2_15.jpg -0.396937 0.020865 0.917462 -0.016434 0.465302 0.016051 1.149197
E2_14.jpg -0.654757 0.013628 0.755334 -0.024022 1.108204 0.022808 0.635385
